74
70
340
130
209
191
ring
380
341
263
434
ring
255
229
207
363
ring
415
98
374
269
ring
504
250
445
475
ring
111
465
356
519
ring
85
185
175
296
ring
659
117
504
155
ring
582
174
587
263
ring
504
86
434
171
ring
323
291
425
306
ring
327
172
294
251
ring
255
382
171
407
ring
383
396
366
482
ring
600
333
511
362
ring
515
197
433
240
ring
614
265
555
305
ring
467
494
399
534
ring
413
359
429
423
ring
332
442
256
470
ring
266
292
289
357
ring
133
312
123
399
ring
231
206
163
217
ring
188
135
236
82
ring
294
68
362
73
ring
424
46
465
69
ring
604
67
544
116
ring
635
163
656
238
ring
688
267
652
328
ring
623
387
540
408
ring
498
440
501
497
ring
144
534
70
455
ring
target
524
526
END
